   0.0000000e+00             NaN             NaN             NaN             NaN             NaN             NaN             NaN             NaN             NaN             NaN             NaN             NaN             NaN
  -2.9442000e+04  -1.5010000e+03             NaN             NaN             NaN             NaN             NaN             NaN             NaN             NaN             NaN             NaN             NaN             NaN
  -2.4451000e+03   3.0129000e+03   1.6767000e+03             NaN             NaN             NaN             NaN             NaN             NaN             NaN             NaN             NaN             NaN             NaN
   1.3507000e+03  -2.3523000e+03   1.2256000e+03   5.8200000e+02             NaN             NaN             NaN             NaN             NaN             NaN             NaN             NaN             NaN             NaN
   9.0760000e+02   8.1370000e+02   1.2040000e+02  -3.3490000e+02   7.0400000e+01             NaN             NaN             NaN             NaN             NaN             NaN             NaN             NaN             NaN
  -2.3260000e+02   3.6010000e+02   1.9240000e+02  -1.4090000e+02  -1.5750000e+02   4.1000000e+00             NaN             NaN             NaN             NaN             NaN             NaN             NaN             NaN
   7.0000000e+01   6.7700000e+01   7.2700000e+01  -1.2990000e+02  -2.8900000e+01   1.3200000e+01  -7.0900000e+01             NaN             NaN             NaN             NaN             NaN             NaN             NaN
   8.1600000e+01  -7.6100000e+01  -6.8000000e+00   5.1800000e+01   1.5000000e+01   9.4000000e+00  -2.8000000e+00   6.8000000e+00             NaN             NaN             NaN             NaN             NaN             NaN
   2.4200000e+01   8.8000000e+00  -1.6900000e+01  -3.2000000e+00  -2.0600000e+01   1.3400000e+01   1.1700000e+01  -1.5900000e+01  -2.0000000e+00             NaN             NaN             NaN             NaN             NaN
   5.4000000e+00   8.8000000e+00   3.1000000e+00  -3.3000000e+00   7.0000000e-01  -1.3300000e+01  -1.0000000e-01   8.7000000e+00  -9.1000000e+00  -1.0500000e+01             NaN             NaN             NaN             NaN
  -1.9000000e+00  -6.3000000e+00   1.0000000e-01   5.0000000e-01  -5.0000000e-01   1.8000000e+00  -7.0000000e-01   2.1000000e+00   2.4000000e+00  -1.8000000e+00  -3.6000000e+00             NaN             NaN             NaN
   3.1000000e+00  -1.5000000e+00  -2.3000000e+00   2.0000000e+00  -8.0000000e-01   6.0000000e-01  -7.0000000e-01   2.0000000e-01   1.7000000e+00  -2.0000000e-01   4.0000000e-01   3.5000000e+00             NaN             NaN
  -1.9000000e+00  -2.0000000e-01   4.0000000e-01   1.2000000e+00  -8.0000000e-01   9.0000000e-01   1.0000000e-01   5.0000000e-01  -3.0000000e-01  -4.0000000e-01   2.0000000e-01  -9.0000000e-01   0.0000000e+00             NaN
   0.0000000e+00  -9.0000000e-01   4.0000000e-01   5.0000000e-01  -5.0000000e-01   1.0000000e+00  -2.0000000e-01   8.0000000e-01  -1.0000000e-01   3.0000000e-01   1.0000000e-01   5.0000000e-01  -4.0000000e-01  -3.0000000e-01
