   0.0000000e+00             NaN             NaN             NaN             NaN             NaN             NaN             NaN             NaN             NaN             NaN             NaN             NaN             NaN
   0.0000000e+00   4.7971000e+03             NaN             NaN             NaN             NaN             NaN             NaN             NaN             NaN             NaN             NaN             NaN             NaN
   0.0000000e+00  -2.8456000e+03  -6.4190000e+02             NaN             NaN             NaN             NaN             NaN             NaN             NaN             NaN             NaN             NaN             NaN
   0.0000000e+00  -1.1530000e+02   2.4490000e+02  -5.3840000e+02             NaN             NaN             NaN             NaN             NaN             NaN             NaN             NaN             NaN             NaN
   0.0000000e+00   2.8330000e+02  -1.8870000e+02   1.8090000e+02  -3.2950000e+02             NaN             NaN             NaN             NaN             NaN             NaN             NaN             NaN             NaN
   0.0000000e+00   4.7300000e+01   1.9700000e+02  -1.1930000e+02   1.6000000e+01   1.0020000e+02             NaN             NaN             NaN             NaN             NaN             NaN             NaN             NaN
   0.0000000e+00  -2.0800000e+01   3.3200000e+01   5.8900000e+01  -6.6700000e+01   7.3000000e+00   6.2600000e+01             NaN             NaN             NaN             NaN             NaN             NaN             NaN
   0.0000000e+00  -5.4100000e+01  -1.9500000e+01   5.7000000e+00   2.4400000e+01   3.4000000e+00  -2.7400000e+01  -2.2000000e+00             NaN             NaN             NaN             NaN             NaN             NaN
   0.0000000e+00   1.0100000e+01  -1.8300000e+01   1.3300000e+01  -1.4600000e+01   1.6200000e+01   5.7000000e+00  -9.1000000e+00   2.1000000e+00             NaN             NaN             NaN             NaN             NaN
   0.0000000e+00  -2.1600000e+01   1.0800000e+01   1.1800000e+01  -6.8000000e+00  -6.9000000e+00   7.8000000e+00   1.0000000e+00  -4.0000000e+00   8.4000000e+00             NaN             NaN             NaN             NaN
   0.0000000e+00   3.2000000e+00  -4.0000000e-01   4.6000000e+00   4.4000000e+00  -7.9000000e+00  -6.0000000e-01  -4.2000000e+00  -2.8000000e+00  -1.2000000e+00  -8.7000000e+00             NaN             NaN             NaN
   0.0000000e+00  -1.0000000e-01   2.0000000e+00  -7.0000000e-01  -1.1000000e+00   8.0000000e-01  -2.0000000e-01  -2.2000000e+00  -1.4000000e+00  -2.5000000e+00  -2.0000000e+00  -2.4000000e+00             NaN             NaN
   0.0000000e+00  -1.1000000e+00   4.0000000e-01   1.9000000e+00  -2.2000000e+00   3.0000000e-01   7.0000000e-01  -1.0000000e-01   3.0000000e-01   2.0000000e-01  -9.0000000e-01  -1.0000000e-01   7.0000000e-01             NaN
   0.0000000e+00  -9.0000000e-01   4.0000000e-01   1.6000000e+00  -5.0000000e-01  -1.2000000e+00  -1.0000000e-01   4.0000000e-01  -1.0000000e-01   4.0000000e-01   5.0000000e-01  -3.0000000e-01  -4.0000000e-01  -8.0000000e-01
